500,'4327',738,,728,1,,,0,98,,722,1,,,0,100,,727,1,,,0,100,,726,1,,,0,100,,729,1,,,0,100,,723,1,,,0,100,,724,1,,,0,100,,725,1,,,0,100,,736,1,,,0,100,,735,1,,,0,100,,734,1,,,0,100,,733,1,,,0,100,,732,1,,,0,100,,730,1,,,0,100,,731,1,,,0
500,'4332',738,,738,1,,,0,98,,742,1,,,0,100,,739,1,,,0,100,,746,1,,,0,100,,737,1,,,0,100,,747,1,,,0,100,,751,1,,,0,100,,750,1,,,0,100,,740,1,,,0,100,,748,1,,,0,100,,749,1,,,0,100,,744,1,,,0,100,,745,1,,,0,100,,743,1,,,0,100,,741,1,,,0
500,'4480',708,,754,1,,,0,28,,763,1,,,0,65,,753,1,,,0,35,,764,1,,,0,65,,752,1,,,0,35,,765,1,,,0,100,,769,1,,,0,100,,770,1,,,0,100,,766,1,,,0,100,,767,1,,,0,100,,768,1,,,0,100,,758,1,,,0,70,,772,1,,,0,30,,756,1,,,0,70,,755,1,,,0,30,,757,1,,,0,70,,773,1,,,0,30,,761,1,,,0,100,,759,1,,,0,100,,760,1,,,0,100,,762,1,,,0,100,,771,1,,,0
501,'4327',735,,781,10,4,,0,98,,780,25,4,,0,100,,775,25,4,,0,100,,774,25,4,,0,100,,777,25,4,,0,100,,779,25,4,,0,100,,778,25,4,,0,100,,776,25,4,,0,100,,788,25,4,,0,100,,787,25,4,,0,100,,786,25,4,,0,100,,785,25,4,,0,100,,784,25,4,,0,100,,782,25,4,,0,100,,783,25,4,,0
501,'4332',735,,800,10,4,,0,98,,799,25,4,,0,100,,790,25,4,,0,100,,801,25,4,,0,100,,796,25,4,,0,100,,802,25,4,,0,100,,789,25,4,,0,100,,798,25,4,,0,100,,792,25,4,,0,100,,803,25,4,,0,100,,797,25,4,,0,100,,793,25,4,,0,100,,791,25,4,,0,100,,794,25,4,,0,100,,795,25,4,,0
501,'4480',708,,804,10,4,,0,24,,815,25,4,,0,68,,806,25,4,,0,33,,816,25,4,,0,68,,807,25,4,,0,32,,817,25,4,,0,100,,814,25,4,,0,100,,819,25,4,,0,100,,821,25,4,,0,100,,818,25,4,,0,100,,822,25,4,,0,100,,820,25,4,,0,70,,824,25,4,,0,30,,823,25,4,,0,70,,805,25,4,,0,30,,810,25,4,,0,68,,825,25,4,,0,31,,812,25,4,,0,100,,811,25,4,,0,100,,809,25,4,,0,100,,808,25,4,,0,99,,813,25,4,,0
55019,'4327',900,,1334,1,,,0,100,,1340,1,,,0,100,,1331,1,,,0,100,,1333,1,,,0,100,,1335,1,,,0,100,,1330,1,,,0,100,,1336,1,,,0,100,,1332,1,,,0,100,,1339,1,,,0,100,,1338,1,,,0,100,,1337,1,,,0
55019,'4332',752,,1341,1,,,0,148,,1342,1,,,0,100,,1347,1,,,0,100,,1344,1,,,0,100,,1346,1,,,0,100,,1345,1,,,0,100,,1343,1,,,0,100,,1354,1,,,0,100,,1350,1,,,0,100,,1355,1,,,0,100,,1351,1,,,0,100,,1349,1,,,0,100,,1353,1,,,0,100,,1348,1,,,0,100,,1352,1,,,0
55019,'4480',729,,1368,1,,,0,80,,1366,1,,,0,20,,1369,1,,,0,80,,1365,1,,,0,20,,1370,1,,,0,100,,1360,1,,,0,100,,1356,1,,,0,100,,1372,1,,,0,100,,1371,1,,,0,100,,1363,1,,,0,99,,1367,1,,,0,103,,1357,1,,,0,72,,1364,1,,,0,29,,1358,1,,,0,72,,1373,1,,,0,28,,1359,1,,,0,72,,1374,1,,,0,26,,1361,1,,,0,100,,1362,1,,,0
55029,'4327',900,,1381,36,4,,0,100,,1383,36,4,,0,100,,1382,36,4,,0,100,,1384,36,4,,0,100,,1377,36,4,,0,100,,1385,36,4,,0,100,,1379,36,4,,0,100,,1376,36,4,,0,100,,1375,36,4,,0,100,,1380,36,4,,0,100,,1378,36,4,,0
55029,'4332',752,,1387,22,4,,0,148,,1389,35,4,,0,100,,1392,35,4,,0,100,,1390,35,4,,0,100,,1388,35,4,,0,100,,1394,35,4,,0,100,,1391,35,4,,0,100,,1393,35,4,,0,100,,1398,35,4,,0,100,,1397,35,4,,0,100,,1395,35,4,,0,100,,1386,35,4,,0,100,,1400,35,4,,0,100,,1399,35,4,,0,100,,1396,35,4,,0
55029,'4480',729,,1414,22,4,,0,79,,1401,35,4,,0,20,,1419,35,4,,0,80,,1403,35,4,,0,20,,1406,35,4,,0,100,,1415,35,4,,0,101,,1416,35,4,,0,100,,1418,35,4,,0,100,,1417,35,4,,0,100,,1420,35,4,,0,99,,1407,35,4,,0,103,,1404,35,4,,0,72,,1410,35,4,,0,29,,1402,35,4,,0,72,,1413,35,4,,0,28,,1405,35,4,,0,70,,1412,35,4,,0,28,,1409,35,4,,0,100,,1408,35,4,,0
8900,'4327',807,,1518,16,,,0,100,,1516,16,,,0,100,,1507,16,,,0,100,,1509,16,,,0,100,,1508,16,,,0,30,,1528,16,,,0,70,,1510,16,,,0,30,,1526,16,,,0,70,,1511,16,,,0,30,,1524,16,,,0,70,,1512,16,,,0,30,,1525,16,,,0,70,,1513,16,,,0,30,,1529,16,,,0,70,,1515,16,,,0,100,,1517,16,,,0,100,,1514,16,,,0,100,,1521,16,,,0,100,,1523,16,,,0,100,,1520,16,,,0,100,,1522,16,4,,0
8900,'4332',737,,1557,16,,,0,70,,1530,16,,,0,30,,1556,16,,,0,70,,1531,16,,,0,30,,1555,16,,,0,70,,1532,16,,,0,30,,1552,16,,,0,70,,1533,16,,,0,30,,1551,16,,,0,70,,1535,16,,,0,30,,1547,16,,,0,70,,1537,16,,,0,30,,1549,16,,,0,70,,1534,16,,,0,30,,1550,16,,,0,70,,1540,16,,,0,30,,1553,16,,,0,70,,1541,16,,,0,30,,1554,16,,,0,70,,1536,16,,,0,30,,1558,16,,,0,70,,1539,16,,,0,30,,1559,16,,,0,70,,1538,16,,,0,100,,1542,16,,,0,100,,1543,16,,,0,100,,1544,16,,,0,100,,1545,16,4,,0
8900,'4480',717,,1572,16,,,0,20,,1589,16,,,0,22,,1574,16,,,0,59,,1579,16,,,0,19,,1588,16,,,0,22,,1575,16,,,0,59,,1576,16,,,0,19,,1563,16,,,0,70,,1573,16,,,0,30,,1583,16,,,0,70,,1561,16,,,0,30,,1562,16,,,0,70,,1570,16,,,0,30,,1586,16,,,0,70,,1560,16,,,0,30,,1565,16,,,0,70,,1571,16,,,0,30,,1585,16,,,0,18,,1594,16,,,0,59,,1564,16,,,0,23,,1566,16,,,0,18,,1595,16,,,0,59,,1578,16,,,0,23,,1584,16,,,0,70,,1580,16,,,0,30,,1569,16,,,0,70,,1582,16,,,0,30,,1577,16,,,0,70,,1591,16,,,0,30,,1568,16,,,0,100,,1587,16,,,0,100,,1567,16,,,0,100,,1581,16,4,,0
16101,'4332',1516,,1685,4,,,0
16101,'4677',1516,,1686,4,,,0
