1500,'4327',706,,1010,1,,,0,100,,997,1,,,0,100,,992,1,,,0,100,,987,1,,,0,30,,1002,1,,,0,70,,988,1,,,0,30,,1003,1,,,0,70,,989,1,,,0,30,,1004,1,,,0,70,,990,1,,,0,30,,1005,1,,,0,70,,991,1,,,0,30,,1006,1,,,0,70,,993,1,,,0,30,,1007,1,,,0,70,,994,1,,,0,29,,1008,1,,,0,71,,995,1,,,0,30,,1009,1,,,0,70,,996,1,,,0,100,,998,1,,,0,100,,999,1,,,0,100,,1000,1,,,0,100,,1001,1,,,0
1500,'4332',706,,1034,1,,,0,100,,1011,1,,,0,100,,1012,1,,,0,100,,1015,1,,,0,30,,1014,1,,,0,70,,1013,1,,,0,30,,1017,1,,,0,70,,1018,1,,,0,30,,1019,1,,,0,70,,1016,1,,,0,30,,1024,1,,,0,70,,1025,1,,,0,30,,1022,1,,,0,70,,1020,1,,,0,30,,1027,1,,,0,70,,1028,1,,,0,29,,1026,1,,,0,71,,1021,1,,,0,30,,1029,1,,,0,70,,1023,1,,,0,30,,1035,1,,,0,70,,1031,1,,,0,100,,1032,1,,,0,100,,1033,1,,,0,100,,1030,1,,,0
1500,'4480',706,,1057,1,,,0,30,,1054,1,,,0,70,,1036,1,,,0,30,,1067,1,,,0,70,,1038,1,,,0,30,,1053,1,,,0,70,,1059,1,,,0,30,,1043,1,,,0,70,,1037,1,,,0,30,,1060,1,,,0,70,,1039,1,,,0,30,,1045,1,,,0,70,,1058,1,,,0,30,,1046,1,,,0,70,,1041,1,,,0,30,,1062,1,,,0,70,,1056,1,,,0,30,,1044,1,,,0,70,,1066,1,,,0,30,,1047,1,,,0,70,,1055,1,,,0,30,,1061,1,,,0,70,,1042,1,,,0,30,,1048,1,,,0,70,,1064,1,,,0,30,,1050,1,,,0,70,,1052,1,,,0,30,,1065,1,,,0,70,,1051,1,,,0,30,,1049,1,,,0,70,,1063,1,,,0
1501,'4327',700,,1091,18,4,,0,100,,1079,18,4,,0,100,,1077,18,4,,0,100,,1068,18,4,,0,100,,1069,18,4,,0,30,,1084,18,4,,0,70,,1070,18,4,,0,30,,1085,18,4,,0,70,,1071,18,4,,0,30,,1086,18,4,,0,70,,1072,18,4,,0,30,,1087,18,4,,0,70,,1073,18,4,,0,30,,1088,18,4,,0,70,,1074,18,4,,0,30,,1089,18,4,,0,70,,1075,18,4,,0,30,,1090,18,4,,0,70,,1076,18,4,,0,100,,1078,18,4,,0,100,,1080,18,4,,0,100,,1081,18,4,,0,100,,1082,18,4,,0,100,,1083,18,4,,0
1501,'4332',700,,1115,18,4,,0,100,,1092,18,4,,0,100,,1093,18,4,,0,100,,1095,18,4,,0,100,,1096,18,4,,0,30,,1094,18,4,,0,70,,1098,18,4,,0,30,,1097,18,4,,0,70,,1102,18,4,,0,30,,1099,18,4,,0,70,,1100,18,4,,0,30,,1104,18,4,,0,70,,1101,18,4,,0,30,,1105,18,4,,0,70,,1103,18,4,,0,30,,1106,18,4,,0,70,,1107,18,4,,0,30,,1108,18,4,,0,70,,1109,18,4,,0,30,,1116,18,4,,0,70,,1111,18,4,,0,100,,1113,18,4,,0,100,,1110,18,4,,0,100,,1114,18,4,,0,100,,1112,18,4,,0
1501,'4480',700,,1129,18,4,,0,30,,1133,18,4,,0,70,,1138,18,4,,0,30,,1136,18,4,,0,70,,1123,18,4,,0,30,,1145,18,4,,0,70,,1124,18,4,,0,30,,1117,18,4,,0,70,,1141,18,4,,0,30,,1118,18,4,,0,70,,1125,18,4,,0,30,,1144,18,4,,0,70,,1126,18,4,,0,30,,1119,18,4,,0,70,,1142,18,4,,0,30,,1120,18,4,,0,70,,1127,18,4,,0,30,,1143,18,4,,0,70,,1135,18,4,,0,30,,1121,18,4,,0,70,,1146,18,4,,0,30,,1122,18,4,,0,70,,1134,18,4,,0,30,,1137,18,4,,0,70,,1128,18,4,,0,30,,1132,18,4,,0,70,,1140,18,4,,0,30,,1131,18,4,,0,100,,1139,18,4,,0,100,,1130,18,4,,0
1601,'4327',930,,1147,1,,,0,74,,1147,32,4,,0,26,,1148,1,,,0,74,,1148,32,4,,0,26,,1149,1,,,0,74,,1149,32,4,,0,26,,1151,1,,,0,74,,1151,32,4,,0,26,,1152,1,,,0,74,,1152,32,4,,0,26,,1153,1,,,0,74,,1153,32,4,,0,26,,1150,1,,,0,74,,1150,32,4,,0,26,,1154,1,,,0,74,,1154,32,4,,0,26,,1155,1,,,0,74,,1155,32,4,,0
1601,'4332',804,,1158,29,4,,0,26,,1159,1,,,0,74,,1159,32,4,,0,26,,1157,1,,,0,70,,1172,1,,,0,4,,1157,32,4,,0,26,,1156,1,,,0,4,,1172,32,4,,0,66,,1174,1,,,0,4,,1156,32,4,,0,26,,1164,1,,,0,4,,1174,32,4,,0,66,,1175,1,,,0,4,,1164,32,4,,0,26,,1165,1,,,0,4,,1175,32,4,,0,66,,1176,1,,,0,4,,1165,32,4,,0,26,,1160,1,,,0,4,,1176,32,4,,0,66,,1173,1,,,0,4,,1160,32,4,,0,26,,1162,1,,,0,4,,1173,32,4,,0,66,,1177,1,,,0,4,,1162,32,4,,0,26,,1166,1,,,0,4,,1177,32,4,,0,66,,1178,1,,,0,4,,1166,32,4,,0,26,,1167,1,,,0,4,,1178,32,4,,0,70,,1167,32,4,,0,26,,1168,1,,,0,74,,1168,32,4,,0,26,,1161,1,,,0,74,,1161,32,4,,0,26,,1169,1,,,0,74,,1169,32,4,,0,26,,1170,1,,,0,74,,1170,32,4,,0,26,,1171,1,,,0,70,,1163,1,,,0,4,,1171,32,4,,0,26,,1163,32,4,,0
1601,'4480',700,,1180,1,,,0,4,,1197,29,4,,0,26,,1181,1,,,0,4,,1180,32,4,,0,66,,1203,1,,,0,4,,1181,32,4,,0,26,,1182,1,,,0,6,,1203,32,4,,0,64,,1189,1,,,0,4,,1182,32,4,,0,26,,1200,1,,,0,4,,1189,32,4,,0,66,,1190,1,,,0,4,,1200,32,4,,0,26,,1183,1,,,0,4,,1190,32,4,,0,66,,1201,1,,,0,4,,1183,32,4,,0,26,,1179,1,,,0,4,,1201,32,4,,0,66,,1192,1,,,0,4,,1179,32,4,,0,26,,1198,1,,,0,4,,1192,32,4,,0,66,,1193,1,,,0,4,,1198,32,4,,0,26,,1185,1,,,0,4,,1193,32,4,,0,66,,1205,1,,,0,4,,1185,32,4,,0,26,,1186,1,,,0,4,,1205,32,4,,0,66,,1191,1,,,0,4,,1186,32,4,,0,26,,1199,1,,,0,5,,1191,32,4,,0,65,,1194,1,,,0,5,,1199,32,4,,0,25,,1184,1,,,0,4,,1194,32,4,,0,66,,1206,1,,,0,4,,1184,32,4,,0,26,,1187,1,,,0,4,,1206,32,4,,0,66,,1195,1,,,0,4,,1187,32,4,,0,26,,1204,1,,,0,4,,1195,32,4,,0,66,,1196,1,,,0,4,,1204,32,4,,0,30,,1196,32,4,,0,66,,1207,1,,,0,30,,1188,1,,,0,3,,1207,32,4,,0,70,,1188,32,4,,0,27,,1202,1,,,0,73,,1202,32,4,,0
1900,'4327',900,,1216,1,,,0,29,,1216,18,4,,0,71,,1208,1,,,0,29,,1208,18,4,,0,71,,1209,1,,,0,29,,1209,18,4,,0,71,,1210,1,,,0,29,,1210,18,4,,0,71,,1211,1,,,0,29,,1211,18,4,,0,71,,1212,1,,,0,29,,1212,18,4,,0,71,,1213,1,,,0,29,,1213,18,4,,0,71,,1214,1,,,0,29,,1214,18,4,,0,71,,1215,1,,,0,29,,1215,18,4,,0,71,,1217,1,,,0,29,,1217,18,4,,0
1900,'4332',800,,1218,1,,,0,29,,1218,18,4,,0,71,,1219,1,,,0,29,,1219,18,4,,0,771,,1220,1,,,0,29,,1220,18,4,,0,71,,1222,1,,,0,29,,1222,18,4,,0,71,,1221,1,,,0,29,,1221,18,4,,0,71,,1223,1,,,0,29,,1223,18,4,,0,71,,1224,1,,,0,29,,1224,18,4,,0
