12019,'4480',759,,984,30,,,0
12029,'4480',1535,,985,3,,,0
1601,'4327',938,,1147,4,,,0,100,,1148,4,,,0,100,,1149,4,,,0,100,,1151,4,,,0,100,,1152,4,,,0,100,,1153,4,,,0,100,,1150,4,,,0,100,,1154,4,,,0,100,,1155,4,,,0
1601,'4332',742,,1158,1,0,13,0,95,,1159,4,,,0,100,,1157,4,,,0,70,,1172,4,,,0,30,,1156,4,,,0,70,,1174,4,,,0,30,,1164,4,,,0,70,,1175,4,,,0,30,,1165,4,,,0,70,,1176,4,,,0,30,,1160,4,,,0,70,,1173,4,,,0,30,,1162,4,,,0,70,,1177,4,,,0,30,,1166,4,,,0,70,,1178,4,,,0,30,,1167,4,,,0,100,,1168,4,,,0,100,,1161,4,,,0,100,,1169,4,,,0,100,,1170,4,,,0,100,,1171,4,,,0,71,,1163,4,,,0
1601,'4480',637,,1197,1,0,13,0,70,,1180,4,,,0,30,,1181,4,,,0,70,,1203,4,,,0,30,,1182,4,,,0,70,,1189,4,,,0,30,,1200,4,,,0,70,,1190,4,,,0,30,,1183,4,,,0,70,,1201,4,,,0,30,,1179,4,,,0,70,,1192,4,,,0,30,,1198,4,,,0,70,,1193,4,,,0,30,,1185,4,,,0,70,,1205,4,,,0,30,,1186,4,,,0,70,,1191,4,,,0,30,,1199,4,,,0,70,,1194,4,,,0,30,,1184,4,,,0,70,,1206,4,,,0,30,,1187,4,,,0,70,,1195,4,,,0,30,,1204,4,,,0,70,,1196,4,,,0,100,,1207,4,,,0,30,,1188,4,,,0,100,,1202,4,,,0
1900,'4327',907,,1216,4,,,0,100,,1208,4,,,0,100,,1209,4,,,0,100,,1210,4,,,0,100,,1211,4,,,0,100,,1212,4,,,0,100,,1213,4,,,0,100,,1214,4,,,0,100,,1215,4,,,0,100,,1217,4,,,0
1900,'4332',807,,1218,4,,,0,100,,1219,4,,,0,800,,1220,4,,,0,100,,1222,4,,,0,100,,1221,4,,,0,100,,1223,4,,,0,100,,1224,4,,,0
8801,'4327',737,,1433,35,,,0,100,,1432,35,,,0,100,,1428,35,,,0,100,,1422,35,,,0,100,,1423,35,,,0,70,,1442,35,,,0,30,,1424,35,,,0,70,,1441,35,,,0,30,,1425,35,,,0,70,,1438,35,,,0,30,,1426,35,,,0,70,,1439,35,,,0,30,,1421,35,,,0,70,,1440,35,,,0,30,,1427,35,,,0,70,,1443,35,,,0,30,,1429,35,,,0,100,,1430,35,,,0,100,,1431,35,,,0,100,,1434,35,,,0,100,,1435,35,,,0,100,,1436,35,,,0
8801,'4332',737,,1444,35,,,0,70,,1468,35,,,0,30,,1446,35,,,0,70,,1467,35,,,0,30,,1448,35,,,0,70,,1463,35,,,0,30,,1449,35,,,0,70,,1465,35,,,0,30,,1445,35,,,0,70,,1464,35,,,0,30,,1451,35,,,0,70,,1466,35,,,0,30,,1452,35,,,0,70,,1461,35,,,0,30,,1450,35,,,0,70,,1471,35,,,0,30,,1453,35,,,0,70,,1462,35,,,0,30,,1454,35,,,0,70,,1469,35,,,0,30,,1447,35,,,0,70,,1470,35,,,0,30,,1456,35,,,0,100,,1457,35,,,0,100,,1458,35,,,0,100,,1455,35,,,0,100,,1459,35,,,0
8801,'4480',707,,1501,35,,,0,30,,1494,35,,,0,70,,1503,35,,,0,22,,1489,35,,,0,20,,1495,35,,,0,58,,1500,35,,,0,23,,1493,35,,,0,19,,1496,35,,,0,58,,1502,35,,,0,30,,1474,35,,,0,70,,1482,35,,,0,30,,1488,35,,,0,70,,1504,35,,,0,30,,1475,35,,,0,70,,1483,35,,,0,30,,1491,35,,,0,70,,1487,35,,,0,30,,1472,35,,,0,70,,1481,35,,,0,18,,1505,35,,,0,20,,1490,35,,,0,62,,1497,35,,,0,18,,1485,35,,,0,20,,1479,35,,,0,62,,1473,35,,,0,18,,1506,35,,,0,20,,1499,35,,,0,62,,1498,35,,,0,30,,1480,35,,,0,70,,1478,35,,,0,30,,1486,35,,,0,70,,1492,35,,,0,100,,1476,35,,,0,100,,1484,35,,,0
