500,'4327',807,,728,36,,,0,98,,722,36,,,0,100,,727,36,,,0,100,,726,36,,,0,100,,729,36,,,0,100,,723,36,,,0,100,,724,36,,,0,100,,725,36,,,0,100,,736,36,,,0,100,,735,36,,,0,100,,734,36,,,0,100,,733,36,,,0,100,,732,36,,,0,100,,730,36,,,0,100,,731,36,,,0
500,'4332',807,,738,36,,,0,98,,742,36,,,0,100,,739,36,,,0,100,,746,36,,,0,100,,737,36,,,0,100,,747,36,,,0,100,,751,36,,,0,100,,750,36,,,0,100,,740,36,,,0,100,,748,36,,,0,100,,749,36,,,0,100,,744,36,,,0,100,,745,36,,,0,100,,743,36,,,0,100,,741,36,,,0
500,'4480',737,,754,36,,,0,68,,763,36,,,0,25,,753,36,,,0,75,,764,36,,,0,25,,752,36,,,0,75,,765,36,,,0,100,,769,36,,,0,100,,770,36,,,0,100,,766,36,,,0,100,,767,36,,,0,100,,768,36,,,0,100,,758,36,,,0,30,,772,36,,,0,70,,756,36,,,0,30,,755,36,,,0,70,,757,36,,,0,30,,773,36,,,0,70,,761,36,,,0,100,,759,36,,,0,100,,760,36,,,0,100,,762,36,,,0,100,,771,36,,,0
1000,'4327',947,,826,16,,,0,100,,829,16,,,0,100,,827,16,,,0,100,,828,16,,,0,100,,830,16,,,0,100,,831,16,,,0,100,,833,16,,,0,100,,832,16,,,0,100,,834,16,,,0,100,,835,16,,,0
1000,'4332',747,,836,16,,,0,70,,837,16,,,0,30,,838,16,,,0,70,,839,16,,,0,30,,843,16,,,0,70,,841,16,,,0,30,,840,16,,,0,70,,842,16,,,0,30,,844,16,,,0,70,,845,16,,,0,30,,846,16,,,0,70,,847,16,,,0,30,,848,16,,,0,70,,849,16,,,0,30,,850,16,,,0,70,,851,16,,,0,30,,852,16,,,0,70,,854,16,,,0,30,,853,16,,,0,70,,855,16,,,0,30,,856,16,,,0,70,,861,16,,,0,30,,857,16,,,0,100,,858,16,,,0,100,,860,16,,,0,100,,859,16,,,0
1000,'4480',647,,889,16,,,0,70,,876,16,,,0,30,,877,16,,,0,72,,870,16,,,0,28,,863,16,,,0,70,,879,16,,,0,30,,872,16,,,0,70,,862,16,,,0,30,,881,16,,,0,70,,871,16,,,0,30,,884,16,,,0,70,,869,16,,,0,30,,886,16,,,0,70,,885,16,,,0,30,,864,16,,,0,70,,866,16,,,0,30,,890,16,,,0,70,,873,16,,,0,30,,878,16,,,0,70,,865,16,,,0,30,,875,16,,,0,70,,882,16,,,0,30,,868,16,,,0,70,,874,16,,,0,30,,880,16,,,0,70,,887,16,,,0,30,,867,16,,,0,100,,883,16,,,0,100,,888,16,,,0
1500,'4327',732,,1010,22,,,0,100,,997,22,,,0,100,,992,22,,,0,100,,987,22,,,0,70,,1002,22,,,0,30,,988,22,,,0,70,,1003,22,,,0,30,,989,22,,,0,70,,1004,22,,,0,30,,990,22,,,0,70,,1005,22,,,0,30,,991,22,,,0,70,,1006,22,,,0,30,,993,22,,,0,70,,1007,22,,,0,30,,994,22,,,0,69,,1008,22,,,0,31,,995,22,,,0,70,,1009,22,,,0,30,,996,22,,,0,100,,998,22,,,0,100,,999,22,,,0,100,,1000,22,,,0,100,,1001,22,,,0
1500,'4332',732,,1034,22,,,0,100,,1011,22,,,0,100,,1012,22,,,0,100,,1015,22,,,0,70,,1014,22,,,0,30,,1013,22,,,0,70,,1017,22,,,0,30,,1018,22,,,0,70,,1019,22,,,0,30,,1016,22,,,0,70,,1024,22,,,0,30,,1025,22,,,0,70,,1022,22,,,0,30,,1020,22,,,0,70,,1027,22,,,0,30,,1028,22,,,0,69,,1026,22,,,0,31,,1021,22,,,0,70,,1029,22,,,0,30,,1023,22,,,0,70,,1035,22,,,0,30,,1031,22,,,0,100,,1032,22,,,0,100,,1033,22,,,0,100,,1030,22,,,0
1500,'4480',702,,1040,21,,,0,30,,1057,22,,,0,70,,1054,22,,,0,30,,1036,22,,,0,70,,1067,22,,,0,30,,1038,22,,,0,70,,1053,22,,,0,30,,1059,22,,,0,70,,1043,22,,,0,30,,1037,22,,,0,70,,1060,22,,,0,30,,1039,22,,,0,70,,1045,22,,,0,30,,1058,22,,,0,70,,1046,22,,,0,30,,1041,22,,,0,70,,1062,22,,,0,30,,1056,22,,,0,70,,1044,22,,,0,30,,1066,22,,,0,70,,1047,22,,,0,30,,1055,22,,,0,70,,1061,22,,,0,30,,1042,22,,,0,70,,1048,22,,,0,30,,1064,22,,,0,70,,1050,22,,,0,30,,1052,22,,,0,70,,1065,22,,,0,30,,1051,22,,,0,70,,1049,22,,,0,30,,1063,22,,,0
4600,'4327',931,,1234,25,,,0,100,,1235,25,,,0,100,,1226,25,,,0,100,,1228,25,,,0,100,,1230,25,,,0,100,,1225,25,,,0,100,,1232,25,,,0,100,,1233,25,,,0,100,,1229,25,,,0,100,,1231,25,,,0,100,,1227,25,,,0
4600,'4332',831,,1236,25,,,0,100,,1245,25,,,0,100,,1249,25,,,0,100,,1241,25,,,0,100,,1238,25,,,0,100,,1242,25,,,0,100,,1244,25,,,0,100,,1246,25,,,0,100,,1239,25,,,0,100,,1247,25,,,0,100,,1243,25,,,0,100,,1237,25,,,0,100,,1248,25,,,0
4600,'4480',759,,1257,25,,,0,142,,1258,25,,,0,99,,1259,25,,,0,100,,1261,25,,,0,100,,1260,25,,,0,100,,1262,25,,,0,100,,1263,25,,,0,100,,1250,25,,,0,100,,1251,25,,,0,100,,1252,25,,,0,59,,1253,25,,,0,100,,1254,25,,,0,99,,1256,25,,,0,100,,1255,25,,,0
4700,'4480',736,,1316,37,,,0,103,,1304,37,,,0,99,,1314,37,,,0,100,,1310,37,,,0,100,,1313,37,,,0,100,,1315,37,,,0,100,,1303,37,,,0,100,,1312,37,,,0,101,,1305,37,,,0,100,,1311,37,,,0,99,,1307,37,,,0,98,,1308,37,,,0,100,,1309,37,,,0,100,,1306,37,,,0
