4600,'4327',909,,1234,1,,,0,100,,1235,1,,,0,100,,1226,1,,,0,100,,1228,1,,,0,100,,1230,1,,,0,100,,1225,1,,,0,100,,1232,1,,,0,100,,1233,1,,,0,100,,1229,1,,,0,100,,1231,1,,,0,100,,1227,1,,,0
4600,'4332',809,,1236,1,,,0,100,,1245,1,,,0,100,,1249,1,,,0,100,,1241,1,,,0,100,,1238,1,,,0,100,,1242,1,,,0,100,,1244,1,,,0,100,,1246,1,,,0,100,,1239,1,,,0,100,,1247,1,,,0,100,,1243,1,,,0,100,,1237,1,,,0,100,,1248,1,,,0,100,,1240,1,0,12,0
4600,'4480',736,,1257,1,,,0,100,,1258,1,,,0,100,,1259,1,,,0,100,,1261,1,,,0,100,,1260,1,,,0,100,,1262,1,,,0,100,,1263,1,,,0,100,,1250,1,,,0,100,,1251,1,,,0,100,,1252,1,,,0,100,,1253,1,,,0,100,,1254,1,,,0,100,,1256,1,,,0,100,,1255,1,,,0
4601,'4327',909,,1270,32,4,,0,100,,1269,32,4,,0,100,,1271,32,4,,0,100,,1268,32,4,,0,100,,1267,32,4,,0,100,,1266,32,4,,0,100,,1264,32,4,,0,100,,1274,32,4,,0,100,,1273,32,4,,0,100,,1265,32,4,,0,100,,1272,32,4,,0
4601,'4332',809,,1287,32,4,,0,100,,1277,32,4,,0,100,,1288,32,4,,0,100,,1275,32,4,,0,100,,1286,32,4,,0,100,,1281,32,4,,0,100,,1282,32,4,,0,100,,1283,32,4,,0,100,,1276,32,4,,0,100,,1284,32,4,,0,100,,1278,32,4,,0,100,,1285,32,4,,0,100,,1280,32,4,,0,100,,1279,32,4,,0
4601,'4480',732,,1295,32,4,,0,100,,1296,32,4,,0,100,,1297,32,4,,0,100,,1299,32,4,,0,100,,1300,32,4,,0,100,,1298,32,4,,0,100,,1301,32,4,,0,100,,1302,32,4,,0,100,,1294,32,4,,0,101,,1289,32,4,,0,100,,1291,32,4,,0,98,,1290,32,4,,0,100,,1292,32,4,,0,100,,1293,32,4,,0
4700,'4480',707,,1316,1,,,0,100,,1304,1,,,0,100,,1314,1,,,0,100,,1310,1,,,0,100,,1313,1,,,0,100,,1315,1,,,0,100,,1303,1,,,0,100,,1312,1,,,0,100,,1305,1,,,0,100,,1311,1,,,0,100,,1307,1,,,0,100,,1308,1,,,0,100,,1309,1,,,0,100,,1306,1,,,0
4701,'4480',803,,1325,18,4,,0,100,,1326,18,4,,0,100,,1329,18,4,,0,100,,1324,18,4,,0,100,,1327,18,4,,0,100,,1328,18,4,,0,100,,1317,18,4,,0,100,,1322,18,4,,0,100,,1320,18,4,,0,100,,1319,18,4,,0,100,,1323,18,4,,0,100,,1318,18,4,,0,100,,1321,18,4,,0
8801,'4327',727,,1433,23,,,0,100,,1432,23,,,0,100,,1428,23,,,0,100,,1422,23,,,0,100,,1423,23,,,0,30,,1442,23,,,0,70,,1424,23,,,0,30,,1441,23,,,0,70,,1425,23,,,0,30,,1438,23,,,0,70,,1426,23,,,0,30,,1439,23,,,0,70,,1421,23,,,0,30,,1440,23,,,0,70,,1427,23,,,0,30,,1443,23,,,0,70,,1429,23,,,0,100,,1430,23,,,0,100,,1431,23,,,0,100,,1434,23,,,0,100,,1435,23,,,0,100,,1436,23,,,0,90,,1437,23,4,,0
8801,'4332',727,,1444,23,,,0,30,,1468,23,,,0,70,,1446,23,,,0,30,,1467,23,,,0,70,,1448,23,,,0,30,,1463,23,,,0,70,,1449,23,,,0,30,,1465,23,,,0,70,,1445,23,,,0,30,,1464,23,,,0,70,,1451,23,,,0,30,,1466,23,,,0,70,,1452,23,,,0,30,,1461,23,,,0,70,,1450,23,,,0,30,,1471,23,,,0,70,,1453,23,,,0,30,,1462,23,,,0,70,,1454,23,,,0,30,,1469,23,,,0,70,,1447,23,,,0,30,,1470,23,,,0,70,,1456,23,,,0,100,,1457,23,,,0,100,,1458,23,,,0,100,,1455,23,,,0,100,,1459,23,,,0,90,,1460,23,4,,0
8801,'4480',657,,1501,23,,,0,70,,1494,23,,,0,30,,1503,23,,,0,62,,1489,23,,,0,20,,1495,23,,,0,18,,1500,23,,,0,63,,1493,23,,,0,19,,1496,23,,,0,18,,1502,23,,,0,70,,1474,23,,,0,30,,1482,23,,,0,70,,1488,23,,,0,30,,1504,23,,,0,70,,1475,23,,,0,30,,1483,23,,,0,70,,1491,23,,,0,30,,1487,23,,,0,70,,1472,23,,,0,30,,1481,23,,,0,58,,1505,23,,,0,20,,1490,23,,,0,22,,1497,23,,,0,58,,1485,23,,,0,20,,1479,23,,,0,22,,1473,23,,,0,58,,1506,23,,,0,20,,1499,23,,,0,22,,1498,23,,,0,70,,1480,23,,,0,30,,1478,23,,,0,70,,1486,23,,,0,30,,1492,23,,,0,100,,1476,23,,,0,100,,1484,23,,,0,91,,1477,23,4,,0
16100,'4332',1106,,1683,29,,,0
16100,'4677',1106,,1684,29,,,0
