8900,'4327',832,10,1518,23,,,0,100,10,1516,23,,,0,100,10,1507,23,,,0,100,10,1509,23,,,0,100,10,1508,23,,,0,70,50,1528,23,,,0,30,10,1510,23,,,0,70,50,1526,23,,,0,30,10,1511,23,,,0,70,50,1524,23,,,0,30,10,1512,23,,,0,70,50,1525,23,,,0,30,10,1513,23,,,0,70,50,1529,23,,,0,30,10,1515,23,,,0,100,10,1517,23,,,0,100,10,1514,23,,,0,100,10,1521,23,,,0,100,10,1523,23,,,0,100,10,1520,23,,,0
8900,'4332',802,50,1557,23,,,0,30,10,1530,23,,,0,70,50,1556,23,,,0,30,10,1531,23,,,0,70,50,1555,23,,,0,30,10,1532,23,,,0,70,50,1552,23,,,0,30,10,1533,23,,,0,70,50,1551,23,,,0,30,10,1535,23,,,0,70,50,1547,23,,,0,30,10,1537,23,,,0,70,50,1549,23,,,0,30,10,1534,23,,,0,70,50,1550,23,,,0,30,10,1540,23,,,0,70,50,1553,23,,,0,30,10,1541,23,,,0,70,50,1554,23,,,0,30,10,1536,23,,,0,70,50,1558,23,,,0,30,10,1539,23,,,0,70,50,1559,23,,,0,30,10,1538,23,,,0,100,10,1542,23,,,0,100,10,1543,23,,,0,100,10,1544,23,,,0
8900,'4480',702,,1592,1,,,0,40,10,1572,23,,,0,60,50,1589,23,,,0,22,10,1574,23,,,0,19,10,1579,23,,,0,59,50,1588,23,,,0,22,10,1575,23,,,0,19,10,1576,23,,,0,59,50,1563,23,,,0,30,10,1573,23,,,0,70,50,1583,23,,,0,30,10,1561,23,,,0,70,50,1562,23,,,0,30,10,1570,23,,,0,70,50,1586,23,,,0,30,10,1560,23,,,0,70,50,1565,23,,,0,30,10,1571,23,,,0,70,50,1585,23,,,0,18,10,1594,23,,,0,19,10,1564,23,,,0,63,50,1566,23,,,0,18,10,1595,23,,,0,19,10,1578,23,,,0,63,50,1584,23,,,0,30,10,1580,23,,,0,70,50,1569,23,,,0,30,10,1582,23,,,0,70,50,1577,23,,,0,30,10,1591,23,,,0,70,50,1568,23,,,0,100,50,1587,23,,,0,100,50,1567,23,,,0
9100,'4327',804,,1606,1,,,0,100,,1598,1,,,0,100,,1596,1,,,0,100,,1597,1,,,0,100,,1599,1,,,0,100,,1601,1,,,0,100,,1603,1,,,0,100,,1600,1,,,0,100,,1602,1,,,0,100,,1604,1,,,0,100,,1605,1,,,0
9100,'4332',804,,1611,1,,,0,100,,1610,1,,,0,100,,1617,1,,,0,100,,1618,1,,,0,100,,1607,1,,,0,100,,1608,1,,,0,100,,1612,1,,,0,100,,1609,1,,,0,100,,1614,1,,,0,100,,1615,1,,,0,100,,1616,1,,,0,100,,1613,1,,,0,100,,1619,1,,,0
9100,'4480',704,,1620,1,,,0,100,,1622,1,,,0,100,,1623,1,,,0,100,,1626,1,,,0,100,,1621,1,,,0,100,,1628,1,,,0,100,,1625,1,,,0,100,,1627,1,,,0,100,,1630,1,,,0,100,,1624,1,,,0,100,,1631,1,,,0,100,,1632,1,,,0,100,,1629,1,,,0,100,,1633,1,,,0
9101,'4327',900,,1643,37,4,,0,100,,1635,37,4,,0,100,,1638,37,4,,0,100,,1636,37,4,,0,100,,1637,37,4,,0,100,,1639,37,4,,0,100,,1634,37,4,,0,100,,1640,37,4,,0,100,,1641,37,4,,0,100,,1642,37,4,,0,100,,1644,37,4,,0
9101,'4332',900,,1645,37,4,,0,100,,1646,37,4,,0,100,,1648,37,4,,0,100,,1650,37,4,,0,100,,1647,37,4,,0,100,,1651,37,4,,0,100,,1649,37,4,,0,100,,1653,37,4,,0,100,,1654,37,4,,0,100,,1655,37,4,,0,100,,1652,37,4,,0,100,,1656,37,4,,0,100,,1657,37,4,,0
9101,'4480',658,,1659,37,4,,0,100,,1658,37,4,,0,100,,1661,37,4,,0,100,,1662,37,4,,0,100,,1660,37,4,,0,100,,1663,37,4,,0,100,,1664,37,4,,0,100,,1667,37,4,,0,100,,1666,37,4,,0,100,,1668,37,4,,0,101,,1665,37,4,,0,100,,1671,37,4,,0,99,,1669,37,4,,0,100,,1670,37,4,,0,100,,1672,37,4,,0
9600,'4480',740,,1676,1,0,14 15 16 17,0,3,,1675,1,0,14 15 16 17,0,97,,1674,17,4,,0,3,,1673,17,4,,0
9601,'4480',1445,,1680,1,,,0,98,,1678,30,4,,0,5,,1677,30,4,,0
97019,'4480',750,,1681,1,,,0,88,,1681,47,4,,0
97029,'4480',1455,,1682,1,,,0,90,,1682,37,4,,0
