55019,'4327',921,,1334,29,4,,0,100,,1340,29,4,,0,100,,1331,29,4,,0,100,,1333,29,4,,0,100,,1335,29,4,,0,100,,1330,29,4,,0,100,,1336,29,4,,0,100,,1332,29,4,,0,100,,1339,29,4,,0,100,,1338,29,4,,0,100,,1337,29,4,,0
55019,'4332',813,,1341,29,4,,0,108,,1342,29,4,,0,100,,1347,29,4,,0,100,,1344,29,4,,0,100,,1346,29,4,,0,100,,1345,29,4,,0,100,,1343,29,4,,0,100,,1354,29,4,,0,100,,1350,29,4,,0,100,,1355,29,4,,0,100,,1351,29,4,,0,100,,1349,29,4,,0,100,,1353,29,4,,0,100,,1348,29,4,,0,100,,1352,29,4,,0
55019,'4480',752,,1368,29,4,,0,80,,1366,29,4,,0,20,,1369,29,4,,0,80,,1365,29,4,,0,20,,1370,29,4,,0,100,,1360,29,4,,0,100,,1356,29,4,,0,100,,1372,29,4,,0,100,,1371,29,4,,0,98,,1363,29,4,,0,104,,1367,29,4,,0,101,,1357,29,4,,0,72,,1364,29,4,,0,29,,1358,29,4,,0,70,,1373,29,4,,0,28,,1359,29,4,,0,71,,1374,29,4,,0,26,,1361,29,4,,0,100,,1362,29,4,,0
55029,'4327',822,,1381,1,,,0,100,,1383,1,,,0,100,,1382,1,,,0,100,,1384,1,,,0,100,,1377,1,,,0,100,,1385,1,,,0,100,,1379,1,,,0,100,,1376,1,,,0,100,,1375,1,,,0,100,,1380,1,,,0,100,,1378,1,,,0
55029,'4332',822,,1389,1,,,0,100,,1392,1,,,0,100,,1390,1,,,0,100,,1388,1,,,0,100,,1394,1,,,0,100,,1391,1,,,0,100,,1393,1,,,0,100,,1398,1,,,0,100,,1397,1,,,0,100,,1395,1,,,0,100,,1386,1,,,0,100,,1400,1,,,0,100,,1399,1,,,0,100,,1396,1,,,0
55029,'4480',732,,1401,1,,,0,20,,1419,1,,,0,80,,1403,1,,,0,20,,1406,1,,,0,100,,1415,1,,,0,100,,1416,1,,,0,100,,1418,1,,,0,100,,1417,1,,,0,100,,1420,1,,,0,98,,1407,1,,,0,104,,1404,1,,,0,72,,1410,1,,,0,29,,1402,1,,,0,72,,1413,1,,,0,29,,1405,1,,,0,70,,1412,1,,,0,28,,1409,1,,,0,100,,1408,1,,,0,98,,1411,1,0,11,0
16100,'4332',1122,,1683,32,4,,0
16100,'4677',1122,,1684,32,4,,0
16101,'4332',1500,,1685,1,,,0
16101,'4677',1500,,1686,1,,,0
