500,'4327',756,,728,23,,,0,98,,722,23,,,0,100,,727,23,,,0,100,,726,23,,,0,100,,729,23,,,0,100,,723,23,,,0,100,,724,23,,,0,100,,725,23,,,0,100,,736,23,,,0,100,,735,23,,,0,100,,734,23,,,0,100,,733,23,,,0,100,,732,23,,,0,100,,730,23,,,0,100,,731,23,,,0
500,'4332',756,,738,23,,,0,98,,742,23,,,0,100,,739,23,,,0,100,,746,23,,,0,100,,737,23,,,0,100,,747,23,,,0,100,,751,23,,,0,100,,750,23,,,0,100,,740,23,,,0,100,,748,23,,,0,100,,749,23,,,0,100,,744,23,,,0,100,,745,23,,,0,100,,743,23,,,0,100,,741,23,,,0
500,'4480',726,,754,23,,,0,28,,763,23,,,0,65,,753,23,,,0,35,,764,23,,,0,65,,752,23,,,0,35,,765,23,,,0,100,,769,23,,,0,100,,770,23,,,0,100,,766,23,,,0,100,,767,23,,,0,100,,768,23,,,0,100,,758,23,,,0,70,,772,23,,,0,30,,756,23,,,0,70,,755,23,,,0,30,,757,23,,,0,70,,773,23,,,0,30,,761,23,,,0,100,,759,23,,,0,100,,760,23,,,0,100,,762,23,,,0,100,,771,23,,,0
1001,'4327',956,,891,15,,,0,100,,892,15,,,0,100,,893,15,,,0,100,,894,15,,,0,100,,896,15,,,0,100,,895,15,,,0,100,,897,15,,,0,100,,898,15,,,0,100,,899,15,,,0,100,,900,15,,,0
1001,'4332',756,,901,15,,,0,70,,902,15,,,0,30,,906,15,,,0,70,,905,15,,,0,30,,904,15,,,0,70,,903,15,,,0,30,,907,15,,,0,70,,908,15,,,0,30,,909,15,,,0,70,,911,15,,,0,30,,910,15,,,0,70,,912,15,,,0,30,,914,15,,,0,70,,913,15,,,0,30,,915,15,,,0,70,,916,15,,,0,30,,917,15,,,0,70,,919,15,,,0,30,,918,15,,,0,70,,921,15,,,0,30,,920,15,,,0,100,,922,15,,,0,100,,923,15,,,0,100,,924,15,,,0
1001,'4480',656,,952,15,,,0,70,,939,15,,,0,30,,940,15,,,0,72,,930,15,,,0,28,,926,15,,,0,70,,944,15,,,0,30,,933,15,,,0,70,,925,15,,,0,30,,947,15,,,0,70,,934,15,,,0,30,,950,15,,,0,70,,935,15,,,0,30,,951,15,,,0,70,,948,15,,,0,30,,927,15,,,0,70,,929,15,,,0,30,,953,15,,,0,70,,936,15,,,0,30,,941,15,,,0,70,,928,15,,,0,30,,937,15,,,0,70,,945,15,,,0,30,,931,15,,,0,70,,943,15,,,0,30,,938,15,,,0,70,,932,15,,,0,30,,949,15,,,0,100,,942,15,,,0,100,,946,15,,,0
1101,'4332',734,,954,2,,,0,67,,954,43,,,0,33,,955,2,,,0,67,,955,43,,,0,33,,956,2,,,0,67,,956,43,,,0,33,,957,2,,,0,67,,957,43,,,0,33,,958,2,,,0,67,,958,43,,,0,33,,959,2,,,0,67,,959,43,,,0,33,,960,2,,,0,67,,960,43,,,0,33,,961,2,,,0,67,,961,43,,,0,33,,962,2,,,0,67,,962,43,,,0,33,,963,2,,,0,67,,963,43,,,0,33,,964,2,,,0,67,,964,43,,,0
1101,'4480',704,,971,2,,,0,27,,971,43,,,0,3,,970,2,,,0,67,,970,43,,,0,3,,965,2,,,0,27,,965,43,,,0,3,,976,2,,,0,67,,976,43,,,0,3,,972,2,,,0,27,,972,43,,,0,3,,966,2,,,0,67,,966,43,,,0,3,,977,2,,,0,27,,977,43,,,0,73,,967,2,,,0,27,,967,43,,,0,73,,980,2,,,0,27,,980,43,,,0,73,,973,2,,,0,27,,973,43,,,0,73,,968,2,,,0,27,,968,43,,,0,73,,975,2,,,0,24,,979,3,,,0,3,,975,43,,,0,22,,979,44,,,0,51,,982,2,,,0,27,,982,43,,,0,3,,978,2,,,0,67,,978,43,,,0,3,,969,2,,,0,27,,969,43,,,0,3,,981,2,,,0,67,,981,43,,,0,3,,974,2,,,0,27,,974,43,,,0,3,,983,2,,,0,67,,983,43,,,0
55029,'4327',842,,1381,16,,,0,100,,1383,16,,,0,100,,1382,16,,,0,100,,1384,16,,,0,100,,1377,16,,,0,100,,1385,16,,,0,100,,1379,16,,,0,100,,1376,16,,,0,100,,1375,16,,,0,100,,1380,16,,,0,100,,1378,16,,,0
55029,'4332',736,,1387,2,,,0,106,,1389,15,,,0,100,,1392,15,,,0,100,,1390,15,,,0,100,,1388,15,,,0,100,,1394,15,,,0,100,,1391,15,,,0,100,,1393,15,,,0,100,,1398,15,,,0,100,,1397,15,,,0,100,,1395,15,,,0,100,,1386,15,,,0,100,,1400,15,,,0,100,,1399,15,,,0,100,,1396,15,,,0
55029,'4480',714,,1414,2,,,0,36,,1401,15,,,0,60,,1419,15,,,0,40,,1403,15,,,0,60,,1406,15,,,0,100,,1415,15,,,0,101,,1416,15,,,0,100,,1418,15,,,0,100,,1417,15,,,0,100,,1420,15,,,0,99,,1407,15,,,0,103,,1404,15,,,0,32,,1410,15,,,0,69,,1402,15,,,0,32,,1413,15,,,0,68,,1405,15,,,0,30,,1412,15,,,0,68,,1409,15,,,0,100,,1408,15,,,0,98,,1411,15,0,11,0
8900,'4327',833,,1518,24,,,0,100,,1516,24,,,0,100,,1507,24,,,0,100,,1509,24,,,0,100,,1508,24,,,0,70,,1528,24,,,0,30,,1510,24,,,0,70,,1526,24,,,0,30,,1511,24,,,0,70,,1524,24,,,0,30,,1512,24,,,0,70,,1525,24,,,0,30,,1513,24,,,0,70,,1529,24,,,0,30,,1515,24,,,0,100,,1517,24,,,0,100,,1514,24,,,0,100,,1521,24,,,0,100,,1523,24,,,0,100,,1520,24,,,0
8900,'4332',803,,1557,24,,,0,30,,1530,24,,,0,70,,1556,24,,,0,30,,1531,24,,,0,70,,1555,24,,,0,30,,1532,24,,,0,70,,1552,24,,,0,30,,1533,24,,,0,70,,1551,24,,,0,30,,1535,24,,,0,70,,1547,24,,,0,30,,1537,24,,,0,70,,1549,24,,,0,30,,1534,24,,,0,70,,1550,24,,,0,30,,1540,24,,,0,70,,1553,24,,,0,30,,1541,24,,,0,70,,1554,24,,,0,30,,1536,24,,,0,70,,1558,24,,,0,30,,1539,24,,,0,70,,1559,24,,,0,30,,1538,24,,,0,100,,1542,24,,,0,100,,1543,24,,,0,100,,1544,24,,,0
8900,'4480',703,,1592,2,,,0,40,,1572,24,,,0,60,,1589,24,,,0,22,,1574,24,,,0,19,,1579,24,,,0,59,,1588,24,,,0,22,,1575,24,,,0,19,,1576,24,,,0,59,,1563,24,,,0,30,,1573,24,,,0,70,,1583,24,,,0,30,,1561,24,,,0,70,,1562,24,,,0,30,,1570,24,,,0,70,,1586,24,,,0,30,,1560,24,,,0,70,,1565,24,,,0,30,,1571,24,,,0,70,,1585,24,,,0,18,,1594,24,,,0,19,,1564,24,,,0,63,,1566,24,,,0,18,,1595,24,,,0,19,,1578,24,,,0,63,,1584,24,,,0,30,,1580,24,,,0,70,,1569,24,,,0,30,,1582,24,,,0,70,,1577,24,,,0,30,,1591,24,,,0,70,,1568,24,,,0,100,,1587,24,,,0,100,,1567,24,,,0
9100,'4327',805,,1606,2,,,0,100,,1598,2,,,0,100,,1596,2,,,0,100,,1597,2,,,0,100,,1599,2,,,0,100,,1601,2,,,0,100,,1603,2,,,0,100,,1600,2,,,0,100,,1602,2,,,0,100,,1604,2,,,0,100,,1605,2,,,0
9100,'4332',805,,1611,2,,,0,100,,1610,2,,,0,100,,1617,2,,,0,100,,1618,2,,,0,100,,1607,2,,,0,100,,1608,2,,,0,100,,1612,2,,,0,100,,1609,2,,,0,100,,1614,2,,,0,100,,1615,2,,,0,100,,1616,2,,,0,100,,1613,2,,,0,100,,1619,2,,,0
9100,'4480',705,,1620,2,,,0,100,,1622,2,,,0,100,,1623,2,,,0,100,,1626,2,,,0,100,,1621,2,,,0,100,,1628,2,,,0,100,,1625,2,,,0,100,,1627,2,,,0,100,,1630,2,,,0,100,,1624,2,,,0,100,,1631,2,,,0,100,,1632,2,,,0,100,,1629,2,,,0,100,,1633,2,,,0
9600,'4480',741,,1676,2,0,14 15 16 17,0,3,,1675,2,0,14 15 16 17,0
9601,'4480',1445,,1680,2,,,0
97019,'4480',750,,1681,2,,,0
97029,'4480',1455,,1682,2,,,0
