12019,'4480',727,,984,1,,,0
12029,'4480',1545,,985,14,4,,0,2,,986,1,,,0
1900,'4327',918,4,1216,13,,,0,100,4,1208,13,,,0,100,4,1209,13,,,0,100,4,1210,13,,,0,100,4,1211,13,,,0,100,4,1212,13,,,0,100,4,1213,13,,,0,100,4,1214,13,,,0,100,4,1215,13,,,0,100,4,1217,13,,,0
1900,'4332',818,4,1218,13,,,0,100,4,1219,13,,,0,800,4,1220,13,,,0,100,4,1222,13,,,0,100,4,1221,13,,,0,100,4,1223,13,,,0,100,4,1224,13,,,0
8801,'4327',752,,1433,47,4,,0,100,,1432,47,4,,0,100,,1428,47,4,,0,100,,1422,47,4,,0,100,,1423,47,4,,0,70,,1442,47,4,,0,30,,1424,47,4,,0,70,,1441,47,4,,0,30,,1425,47,4,,0,70,,1438,47,4,,0,30,,1426,47,4,,0,70,,1439,47,4,,0,30,,1421,47,4,,0,70,,1440,47,4,,0,30,,1427,47,4,,0,70,,1443,47,4,,0,30,,1429,47,4,,0,100,,1430,47,4,,0,100,,1431,47,4,,0,100,,1434,47,4,,0,100,,1435,47,4,,0,100,,1436,47,4,,0
8801,'4332',752,,1444,47,4,,0,70,,1468,47,4,,0,30,,1446,47,4,,0,70,,1467,47,4,,0,30,,1448,47,4,,0,70,,1463,47,4,,0,30,,1449,47,4,,0,70,,1465,47,4,,0,30,,1445,47,4,,0,70,,1464,47,4,,0,30,,1451,47,4,,0,70,,1466,47,4,,0,30,,1452,47,4,,0,70,,1461,47,4,,0,30,,1450,47,4,,0,70,,1471,47,4,,0,30,,1453,47,4,,0,70,,1462,47,4,,0,30,,1454,47,4,,0,70,,1469,47,4,,0,30,,1447,47,4,,0,70,,1470,47,4,,0,30,,1456,47,4,,0,100,,1457,47,4,,0,100,,1458,47,4,,0,100,,1455,47,4,,0,100,,1459,47,4,,0
8801,'4480',722,,1501,47,4,,0,30,,1494,47,4,,0,70,,1503,47,4,,0,22,,1489,47,4,,0,60,,1495,47,4,,0,18,,1500,47,4,,0,23,,1493,47,4,,0,59,,1496,47,4,,0,18,,1502,47,4,,0,30,,1474,47,4,,0,70,,1482,47,4,,0,30,,1488,47,4,,0,70,,1504,47,4,,0,30,,1475,47,4,,0,70,,1483,47,4,,0,30,,1491,47,4,,0,70,,1487,47,4,,0,30,,1472,47,4,,0,70,,1481,47,4,,0,18,,1505,47,4,,0,60,,1490,47,4,,0,22,,1497,47,4,,0,18,,1485,47,4,,0,60,,1479,47,4,,0,22,,1473,47,4,,0,18,,1506,47,4,,0,60,,1499,47,4,,0,22,,1498,47,4,,0,30,,1480,47,4,,0,70,,1478,47,4,,0,30,,1486,47,4,,0,70,,1492,47,4,,0,100,,1476,47,4,,0,100,,1484,47,4,,0
8900,'4327',753,,1518,1,,,0,100,,1516,1,,,0,100,,1507,1,,,0,100,,1509,1,,,0,100,,1508,1,,,0,70,,1528,1,,,0,30,,1510,1,,,0,70,,1526,1,,,0,30,,1511,1,,,0,70,,1524,1,,,0,30,,1512,1,,,0,70,,1525,1,,,0,30,,1513,1,,,0,70,,1529,1,,,0,30,,1515,1,,,0,100,,1517,1,,,0,100,,1514,1,,,0,100,,1521,1,,,0,100,,1523,1,,,0,100,,1520,1,,,0,100,,1522,1,0,5 6,0
8900,'4332',723,,1557,1,,,0,30,,1530,1,,,0,70,,1556,1,,,0,30,,1531,1,,,0,70,,1555,1,,,0,30,,1532,1,,,0,70,,1552,1,,,0,30,,1533,1,,,0,70,,1551,1,,,0,30,,1535,1,,,0,70,,1547,1,,,0,30,,1537,1,,,0,70,,1549,1,,,0,30,,1534,1,,,0,70,,1550,1,,,0,30,,1540,1,,,0,70,,1553,1,,,0,30,,1541,1,,,0,70,,1554,1,,,0,30,,1536,1,,,0,70,,1558,1,,,0,30,,1539,1,,,0,70,,1559,1,,,0,30,,1538,1,,,0,100,,1542,1,,,0,100,,1543,1,,,0,100,,1544,1,,,0,100,,1545,1,0,5 6,0
8900,'4480',703,,1572,1,,,0,20,,1589,1,,,0,22,,1574,1,,,0,59,,1579,1,,,0,19,,1588,1,,,0,22,,1575,1,,,0,59,,1576,1,,,0,19,,1563,1,,,0,30,,1573,1,,,0,70,,1583,1,,,0,30,,1561,1,,,0,70,,1562,1,,,0,30,,1570,1,,,0,70,,1586,1,,,0,30,,1560,1,,,0,70,,1565,1,,,0,30,,1571,1,,,0,70,,1585,1,,,0,18,,1594,1,,,0,59,,1564,1,,,0,23,,1566,1,,,0,18,,1595,1,,,0,59,,1578,1,,,0,23,,1584,1,,,0,30,,1580,1,,,0,70,,1569,1,,,0,30,,1582,1,,,0,70,,1577,1,,,0,30,,1591,1,,,0,70,,1568,1,,,0,100,,1587,1,,,0,100,,1567,1,,,0,100,,1581,1,0,5 6,0
16101,'4332',1526,,1685,5,,,0
16101,'4677',1526,,1686,5,,,0
