100,'4327',903,,674,1,,,0,29,,674,44,4,,0,71,,675,1,,,0,29,,675,44,4,,0,71,,677,1,,,0,29,,677,44,4,,0,71,,676,1,,,0,29,,676,44,4,,0,71,,678,1,,,0,29,,678,44,4,,0,71,,679,1,,,0,29,,679,44,4,,0,71,,680,1,,,0,29,,680,44,4,,0,71,,682,1,,,0,29,,682,44,4,,0,71,,681,1,,,0,29,,681,44,4,,0,71,,683,1,,,0,29,,683,44,4,,0
100,'4332',703,,684,1,,,0,29,,684,44,4,,0,71,,685,1,,,0,29,,685,44,4,,0,71,,686,1,,,0,29,,686,44,4,,0,71,,687,1,,,0,29,,687,44,4,,0,71,,688,1,,,0,29,,688,44,4,,0,71,,689,1,,,0,29,,689,44,4,,0,71,,690,1,,,0,29,,690,44,4,,0,71,,691,1,,,0,29,,691,44,4,,0,71,,692,1,,,0,29,,692,44,4,,0,71,,693,1,,,0,29,,693,44,4,,0,71,,694,1,,,0,29,,694,44,4,,0,71,,695,1,,,0,29,,695,44,4,,0,71,,696,1,,,0,29,,696,44,4,,0,71,,698,1,,,0,29,,698,44,4,,0,71,,697,1,,,0,29,,697,44,4,,0
100,'4480',603,,720,1,,,0,29,,720,44,4,,0,101,,699,1,,,0,69,,699,44,4,,0,1,,713,1,,,0,29,,713,44,4,,0,1,,706,1,,,0,69,,706,44,4,,0,1,,701,1,,,0,29,,701,44,4,,0,1,,714,1,,,0,69,,714,44,4,,0,1,,709,1,,,0,29,,709,44,4,,0,1,,708,1,,,0,69,,708,44,4,,0,31,,700,1,,,0,69,,700,44,4,,0,31,,719,1,,,0,69,,719,44,4,,0,31,,702,1,,,0,69,,702,44,4,,0,31,,710,1,,,0,69,,710,44,4,,0,31,,703,1,,,0,69,,703,44,4,,0,1,,711,1,,,0,29,,711,44,4,,0,1,,704,1,,,0,69,,704,44,4,,0,1,,717,1,,,0,29,,717,44,4,,0,1,,715,1,,,0,69,,715,44,4,,0,1,,705,1,,,0,29,,705,44,4,,0,71,,712,1,,,0,29,,712,44,4,,0,71,,707,1,,,0,29,,707,44,4,,0,71,,716,1,,,0,29,,716,44,4,,0,71,,718,1,,,0,29,,718,44,4,,0,1,,721,1,,,0,69,,721,44,4,,0
500,'4327',754,,728,22,,,0,98,,722,22,,,0,100,,727,22,,,0,100,,726,22,,,0,100,,729,22,,,0,100,,723,22,,,0,100,,724,22,,,0,100,,725,22,,,0,100,,736,22,,,0,100,,735,22,,,0,100,,734,22,,,0,100,,733,22,,,0,100,,732,22,,,0,100,,730,22,,,0,100,,731,22,,,0
500,'4332',754,,738,22,,,0,98,,742,22,,,0,100,,739,22,,,0,100,,746,22,,,0,100,,737,22,,,0,100,,747,22,,,0,100,,751,22,,,0,100,,750,22,,,0,100,,740,22,,,0,100,,748,22,,,0,100,,749,22,,,0,100,,744,22,,,0,100,,745,22,,,0,100,,743,22,,,0,100,,741,22,,,0
500,'4480',724,,754,22,,,0,28,,763,22,,,0,65,,753,22,,,0,35,,764,22,,,0,65,,752,22,,,0,35,,765,22,,,0,100,,769,22,,,0,100,,770,22,,,0,100,,766,22,,,0,100,,767,22,,,0,100,,768,22,,,0,100,,758,22,,,0,70,,772,22,,,0,30,,756,22,,,0,70,,755,22,,,0,30,,757,22,,,0,70,,773,22,,,0,30,,761,22,,,0,100,,759,22,,,0,100,,760,22,,,0,100,,762,22,,,0,100,,771,22,,,0
1101,'4332',733,,954,1,,,0,69,,954,44,4,,0,31,,955,1,,,0,69,,955,44,4,,0,31,,956,1,,,0,69,,956,44,4,,0,31,,957,1,,,0,69,,957,44,4,,0,31,,958,1,,,0,69,,958,44,4,,0,31,,959,1,,,0,69,,959,44,4,,0,31,,960,1,,,0,69,,960,44,4,,0,31,,961,1,,,0,69,,961,44,4,,0,31,,962,1,,,0,69,,962,44,4,,0,31,,963,1,,,0,69,,963,44,4,,0,31,,964,1,,,0,69,,964,44,4,,0
1101,'4480',703,,971,1,,,0,29,,971,44,4,,0,1,,970,1,,,0,69,,970,44,4,,0,1,,965,1,,,0,29,,965,44,4,,0,1,,976,1,,,0,69,,976,44,4,,0,1,,972,1,,,0,29,,972,44,4,,0,1,,966,1,,,0,69,,966,44,4,,0,1,,977,1,,,0,29,,977,44,4,,0,71,,967,1,,,0,29,,967,44,4,,0,71,,980,1,,,0,29,,980,44,4,,0,71,,973,1,,,0,29,,973,44,4,,0,71,,968,1,,,0,29,,968,44,4,,0,71,,975,1,,,0,24,,979,2,,,0,5,,975,44,4,,0,22,,979,45,4,,0,49,,982,1,,,0,29,,982,44,4,,0,1,,978,1,,,0,69,,978,44,4,,0,1,,969,1,,,0,29,,969,44,4,,0,1,,981,1,,,0,69,,981,44,4,,0,1,,974,1,,,0,29,,974,44,4,,0,1,,983,1,,,0,69,,983,44,4,,0
55029,'4327',841,9,1381,15,,,0,100,9,1383,15,,,0,100,9,1382,15,,,0,100,9,1384,15,,,0,100,9,1377,15,,,0,100,9,1385,15,,,0,100,9,1379,15,,,0,100,9,1376,15,,,0,100,9,1375,15,,,0,100,9,1380,15,,,0,100,9,1378,15,,,0
55029,'4332',735,,1387,1,,,0,106,9,1389,14,,,0,100,9,1392,14,,,0,100,9,1390,14,,,0,100,9,1388,14,,,0,100,9,1394,14,,,0,100,9,1391,14,,,0,100,9,1393,14,,,0,100,9,1398,14,,,0,100,9,1397,14,,,0,100,9,1395,14,,,0,100,9,1386,14,,,0,100,9,1400,14,,,0,100,9,1399,14,,,0,100,9,1396,14,,,0
55029,'4480',713,,1414,1,,,0,36,9,1401,14,,,0,60,9,1419,14,,,0,40,9,1403,14,,,0,60,9,1406,14,,,0,100,9,1415,14,,,0,101,9,1416,14,,,0,100,9,1418,14,,,0,100,9,1417,14,,,0,100,9,1420,14,,,0,99,9,1407,14,,,0,103,9,1404,14,,,0,32,9,1410,14,,,0,69,9,1402,14,,,0,32,9,1413,14,,,0,68,9,1405,14,,,0,30,9,1412,14,,,0,68,9,1409,14,,,0,100,9,1408,14,,,0,98,9,1411,14,0,11,0
8801,'4327',711,8,1433,14,,,0,100,8,1432,14,,,0,100,8,1428,14,,,0,100,8,1422,14,,,0,100,8,1423,14,,,0,30,8,1442,14,,,0,70,8,1424,14,,,0,30,8,1441,14,,,0,70,8,1425,14,,,0,30,8,1438,14,,,0,70,8,1426,14,,,0,30,8,1439,14,,,0,70,8,1421,14,,,0,30,8,1440,14,,,0,70,8,1427,14,,,0,30,8,1443,14,,,0,70,8,1429,14,,,0,100,8,1430,14,,,0,100,8,1431,14,,,0,100,8,1434,14,,,0,100,8,1435,14,,,0,100,8,1436,14,,,0,92,,1437,14,0,5 6,0
8801,'4332',711,8,1444,14,,,0,30,8,1468,14,,,0,70,8,1446,14,,,0,30,8,1467,14,,,0,70,8,1448,14,,,0,30,8,1463,14,,,0,70,8,1449,14,,,0,30,8,1465,14,,,0,70,8,1445,14,,,0,30,8,1464,14,,,0,70,8,1451,14,,,0,30,8,1466,14,,,0,70,8,1452,14,,,0,30,8,1461,14,,,0,70,8,1450,14,,,0,30,8,1471,14,,,0,70,8,1453,14,,,0,30,8,1462,14,,,0,70,8,1454,14,,,0,30,8,1469,14,,,0,70,8,1447,14,,,0,30,8,1470,14,,,0,70,8,1456,14,,,0,100,8,1457,14,,,0,100,8,1458,14,,,0,100,8,1455,14,,,0,100,8,1459,14,,,0,92,,1460,14,0,5 6,0
8801,'4480',641,8,1501,14,,,0,70,8,1494,14,,,0,30,8,1503,14,,,0,62,48,1489,14,,,0,20,8,1495,14,,,0,18,8,1500,14,,,0,63,48,1493,14,,,0,19,8,1496,14,,,0,18,8,1502,14,,,0,70,8,1474,14,,,0,30,8,1482,14,,,0,70,8,1488,14,,,0,30,8,1504,14,,,0,70,8,1475,14,,,0,30,8,1483,14,,,0,70,8,1491,14,,,0,30,8,1487,14,,,0,70,8,1472,14,,,0,30,8,1481,14,,,0,18,8,1505,14,,,0,60,8,1490,14,,,0,22,8,1497,14,,,0,18,8,1485,14,,,0,60,8,1479,14,,,0,22,8,1473,14,,,0,18,8,1506,14,,,0,60,8,1499,14,,,0,22,8,1498,14,,,0,70,8,1480,14,,,0,30,8,1478,14,,,0,70,8,1486,14,,,0,30,8,1492,14,,,0,100,8,1476,14,,,0,100,8,1484,14,,,0,93,,1477,14,0,5 6,0
