1000,'4327',947,,826,17,4,,0,100,,829,17,4,,0,100,,827,17,4,,0,100,,828,17,4,,0,100,,830,17,4,,0,100,,831,17,4,,0,100,,833,17,4,,0,100,,832,17,4,,0,100,,834,17,4,,0,100,,835,17,4,,0
1000,'4332',747,,836,17,4,,0,70,,837,17,4,,0,30,,838,17,4,,0,70,,839,17,4,,0,30,,843,17,4,,0,70,,841,17,4,,0,30,,840,17,4,,0,70,,842,17,4,,0,30,,844,17,4,,0,70,,845,17,4,,0,30,,846,17,4,,0,70,,847,17,4,,0,30,,848,17,4,,0,70,,849,17,4,,0,30,,850,17,4,,0,70,,851,17,4,,0,30,,852,17,4,,0,70,,854,17,4,,0,30,,853,17,4,,0,70,,855,17,4,,0,30,,856,17,4,,0,70,,861,17,4,,0,30,,857,17,4,,0,100,,858,17,4,,0,100,,860,17,4,,0,100,,859,17,4,,0
1000,'4480',647,,889,17,4,,0,70,,876,17,4,,0,30,,877,17,4,,0,72,,870,17,4,,0,28,,863,17,4,,0,70,,879,17,4,,0,30,,872,17,4,,0,70,,862,17,4,,0,30,,881,17,4,,0,70,,871,17,4,,0,30,,884,17,4,,0,70,,869,17,4,,0,30,,886,17,4,,0,70,,885,17,4,,0,30,,864,17,4,,0,70,,866,17,4,,0,30,,890,17,4,,0,70,,873,17,4,,0,30,,878,17,4,,0,70,,865,17,4,,0,30,,875,17,4,,0,70,,882,17,4,,0,30,,868,17,4,,0,70,,874,17,4,,0,30,,880,17,4,,0,70,,887,17,4,,0,30,,867,17,4,,0,100,,883,17,4,,0,100,,888,17,4,,0
1001,'4327',947,,891,1,,,0,100,,892,1,,,0,100,,893,1,,,0,100,,894,1,,,0,100,,896,1,,,0,100,,895,1,,,0,100,,897,1,,,0,100,,898,1,,,0,100,,899,1,,,0,100,,900,1,,,0
1001,'4332',747,,901,1,,,0,70,,902,1,,,0,30,,906,1,,,0,70,,905,1,,,0,30,,904,1,,,0,70,,903,1,,,0,30,,907,1,,,0,70,,908,1,,,0,30,,909,1,,,0,70,,911,1,,,0,30,,910,1,,,0,70,,912,1,,,0,30,,914,1,,,0,70,,913,1,,,0,30,,915,1,,,0,70,,916,1,,,0,30,,917,1,,,0,70,,919,1,,,0,30,,918,1,,,0,70,,921,1,,,0,30,,920,1,,,0,100,,922,1,,,0,100,,923,1,,,0,100,,924,1,,,0
1001,'4480',647,,952,1,,,0,70,,939,1,,,0,30,,940,1,,,0,72,,930,1,,,0,28,,926,1,,,0,70,,944,1,,,0,30,,933,1,,,0,70,,925,1,,,0,30,,947,1,,,0,70,,934,1,,,0,30,,950,1,,,0,70,,935,1,,,0,30,,951,1,,,0,70,,948,1,,,0,30,,927,1,,,0,70,,929,1,,,0,30,,953,1,,,0,70,,936,1,,,0,30,,941,1,,,0,70,,928,1,,,0,30,,937,1,,,0,70,,945,1,,,0,30,,931,1,,,0,70,,943,1,,,0,30,,938,1,,,0,70,,932,1,,,0,30,,949,1,,,0,100,,942,1,,,0,100,,946,1,,,0
1500,'4327',732,,1010,23,4,,0,100,,997,23,4,,0,100,,992,23,4,,0,100,,987,23,4,,0,70,,1002,23,4,,0,30,,988,23,4,,0,70,,1003,23,4,,0,30,,989,23,4,,0,70,,1004,23,4,,0,30,,990,23,4,,0,70,,1005,23,4,,0,30,,991,23,4,,0,70,,1006,23,4,,0,30,,993,23,4,,0,70,,1007,23,4,,0,30,,994,23,4,,0,69,,1008,23,4,,0,31,,995,23,4,,0,70,,1009,23,4,,0,30,,996,23,4,,0,100,,998,23,4,,0,100,,999,23,4,,0,100,,1000,23,4,,0,100,,1001,23,4,,0
1500,'4332',732,,1034,23,4,,0,100,,1011,23,4,,0,100,,1012,23,4,,0,100,,1015,23,4,,0,70,,1014,23,4,,0,30,,1013,23,4,,0,70,,1017,23,4,,0,30,,1018,23,4,,0,70,,1019,23,4,,0,30,,1016,23,4,,0,70,,1024,23,4,,0,30,,1025,23,4,,0,70,,1022,23,4,,0,30,,1020,23,4,,0,70,,1027,23,4,,0,30,,1028,23,4,,0,69,,1026,23,4,,0,31,,1021,23,4,,0,70,,1029,23,4,,0,30,,1023,23,4,,0,70,,1035,23,4,,0,30,,1031,23,4,,0,100,,1032,23,4,,0,100,,1033,23,4,,0,100,,1030,23,4,,0
1500,'4480',702,,1040,22,4,,0,30,,1057,23,4,,0,70,,1054,23,4,,0,30,,1036,23,4,,0,70,,1067,23,4,,0,30,,1038,23,4,,0,70,,1053,23,4,,0,30,,1059,23,4,,0,70,,1043,23,4,,0,30,,1037,23,4,,0,70,,1060,23,4,,0,30,,1039,23,4,,0,70,,1045,23,4,,0,30,,1058,23,4,,0,70,,1046,23,4,,0,30,,1041,23,4,,0,70,,1062,23,4,,0,30,,1056,23,4,,0,70,,1044,23,4,,0,30,,1066,23,4,,0,70,,1047,23,4,,0,30,,1055,23,4,,0,70,,1061,23,4,,0,30,,1042,23,4,,0,70,,1048,23,4,,0,30,,1064,23,4,,0,70,,1050,23,4,,0,30,,1052,23,4,,0,70,,1065,23,4,,0,30,,1051,23,4,,0,70,,1049,23,4,,0,30,,1063,23,4,,0
1501,'4327',636,,1091,1,,,0,100,,1079,1,,,0,100,,1077,1,,,0,100,,1068,1,,,0,100,,1069,1,,,0,70,,1084,1,,,0,30,,1070,1,,,0,70,,1085,1,,,0,30,,1071,1,,,0,70,,1086,1,,,0,30,,1072,1,,,0,70,,1087,1,,,0,30,,1073,1,,,0,70,,1088,1,,,0,30,,1074,1,,,0,70,,1089,1,,,0,30,,1075,1,,,0,70,,1090,1,,,0,30,,1076,1,,,0,100,,1078,1,,,0,100,,1080,1,,,0,100,,1081,1,,,0,100,,1082,1,,,0,100,,1083,1,,,0
1501,'4332',636,,1115,1,,,0,100,,1092,1,,,0,100,,1093,1,,,0,100,,1095,1,,,0,100,,1096,1,,,0,70,,1094,1,,,0,30,,1098,1,,,0,70,,1097,1,,,0,30,,1102,1,,,0,70,,1099,1,,,0,30,,1100,1,,,0,70,,1104,1,,,0,30,,1101,1,,,0,70,,1105,1,,,0,30,,1103,1,,,0,70,,1106,1,,,0,30,,1107,1,,,0,70,,1108,1,,,0,30,,1109,1,,,0,70,,1116,1,,,0,30,,1111,1,,,0,100,,1113,1,,,0,100,,1110,1,,,0,100,,1114,1,,,0,100,,1112,1,,,0
1501,'4480',637,,1129,1,,,0,69,,1133,1,,,0,30,,1138,1,,,0,70,,1136,1,,,0,30,,1123,1,,,0,70,,1145,1,,,0,30,,1124,1,,,0,70,,1117,1,,,0,30,,1141,1,,,0,70,,1118,1,,,0,30,,1125,1,,,0,70,,1144,1,,,0,30,,1126,1,,,0,70,,1119,1,,,0,30,,1142,1,,,0,70,,1120,1,,,0,30,,1127,1,,,0,70,,1143,1,,,0,30,,1135,1,,,0,70,,1121,1,,,0,30,,1146,1,,,0,70,,1122,1,,,0,30,,1134,1,,,0,70,,1137,1,,,0,30,,1128,1,,,0,70,,1132,1,,,0,30,,1140,1,,,0,70,,1131,1,,,0,100,,1139,1,,,0,100,,1130,1,,,0
4600,'4327',931,,1234,26,4,,0,100,,1235,26,4,,0,100,,1226,26,4,,0,100,,1228,26,4,,0,100,,1230,26,4,,0,100,,1225,26,4,,0,100,,1232,26,4,,0,100,,1233,26,4,,0,100,,1229,26,4,,0,100,,1231,26,4,,0,100,,1227,26,4,,0
4600,'4332',831,,1236,26,4,,0,100,,1245,26,4,,0,100,,1249,26,4,,0,100,,1241,26,4,,0,100,,1238,26,4,,0,100,,1242,26,4,,0,100,,1244,26,4,,0,100,,1246,26,4,,0,100,,1239,26,4,,0,100,,1247,26,4,,0,100,,1243,26,4,,0,100,,1237,26,4,,0,100,,1248,26,4,,0
4600,'4480',800,,1257,26,4,,0,102,,1258,26,4,,0,99,,1259,26,4,,0,100,,1261,26,4,,0,100,,1260,26,4,,0,100,,1262,26,4,,0,100,,1263,26,4,,0,100,,1250,26,4,,0,100,,1251,26,4,,0,100,,1252,26,4,,0,99,,1253,26,4,,0,100,,1254,26,4,,0,59,,1256,26,4,,0,100,,1255,26,4,,0
4601,'4327',837,,1270,1,,,0,100,,1269,1,,,0,100,,1271,1,,,0,100,,1268,1,,,0,100,,1267,1,,,0,100,,1266,1,,,0,100,,1264,1,,,0,100,,1274,1,,,0,100,,1273,1,,,0,100,,1265,1,,,0,100,,1272,1,,,0
4601,'4332',737,,1287,1,,,0,100,,1277,1,,,0,100,,1288,1,,,0,100,,1275,1,,,0,100,,1286,1,,,0,100,,1281,1,,,0,100,,1282,1,,,0,100,,1283,1,,,0,100,,1276,1,,,0,100,,1284,1,,,0,100,,1278,1,,,0,100,,1285,1,,,0,100,,1280,1,,,0,100,,1279,1,,,0
4601,'4480',704,,1295,1,,,0,100,,1296,1,,,0,100,,1297,1,,,0,100,,1299,1,,,0,100,,1300,1,,,0,100,,1298,1,,,0,100,,1301,1,,,0,100,,1302,1,,,0,100,,1294,1,,,0,100,,1289,1,,,0,100,,1291,1,,,0,100,,1290,1,,,0,100,,1292,1,,,0,100,,1293,1,,,0
4700,'4480',736,,1316,38,4,,0,103,,1304,38,4,,0,99,,1314,38,4,,0,100,,1310,38,4,,0,100,,1313,38,4,,0,100,,1315,38,4,,0,100,,1303,38,4,,0,100,,1312,38,4,,0,101,,1305,38,4,,0,100,,1311,38,4,,0,99,,1307,38,4,,0,98,,1308,38,4,,0,100,,1309,38,4,,0,100,,1306,38,4,,0
4701,'4480',742,,1325,1,,,0,100,,1326,1,,,0,100,,1329,1,,,0,100,,1324,1,,,0,100,,1327,1,,,0,100,,1328,1,,,0,100,,1317,1,,,0,100,,1322,1,,,0,100,,1320,1,,,0,100,,1319,1,,,0,100,,1323,1,,,0,100,,1318,1,,,0,100,,1321,1,,,0
