8801,'4327',650,,1433,1,,,0,100,,1432,1,,,0,100,,1428,1,,,0,100,,1422,1,,,0,100,,1423,1,,,0,70,,1442,1,,,0,30,,1424,1,,,0,70,,1441,1,,,0,30,,1425,1,,,0,70,,1438,1,,,0,30,,1426,1,,,0,70,,1439,1,,,0,30,,1421,1,,,0,70,,1440,1,,,0,30,,1427,1,,,0,70,,1443,1,,,0,30,,1429,1,,,0,100,,1430,1,,,0,100,,1431,1,,,0,100,,1434,1,,,0,100,,1435,1,,,0,100,,1436,1,,,0,100,,1437,1,0,5 6,0
8801,'4332',650,,1444,1,,,0,70,,1468,1,,,0,30,,1446,1,,,0,70,,1467,1,,,0,30,,1448,1,,,0,70,,1463,1,,,0,30,,1449,1,,,0,70,,1465,1,,,0,30,,1445,1,,,0,70,,1464,1,,,0,30,,1451,1,,,0,70,,1466,1,,,0,30,,1452,1,,,0,70,,1461,1,,,0,30,,1450,1,,,0,70,,1471,1,,,0,30,,1453,1,,,0,70,,1462,1,,,0,30,,1454,1,,,0,70,,1469,1,,,0,30,,1447,1,,,0,70,,1470,1,,,0,30,,1456,1,,,0,100,,1457,1,,,0,100,,1458,1,,,0,100,,1455,1,,,0,100,,1459,1,,,0,100,,1460,1,0,5 6,0
8801,'4480',620,,1501,1,,,0,30,,1494,1,,,0,70,,1503,1,,,0,22,,1489,1,,,0,60,,1495,1,,,0,18,,1500,1,,,0,23,,1493,1,,,0,59,,1496,1,,,0,18,,1502,1,,,0,30,,1474,1,,,0,70,,1482,1,,,0,30,,1488,1,,,0,70,,1504,1,,,0,30,,1475,1,,,0,70,,1483,1,,,0,30,,1491,1,,,0,70,,1487,1,,,0,30,,1472,1,,,0,70,,1481,1,,,0,18,,1505,1,,,0,20,,1490,1,,,0,62,,1497,1,,,0,18,,1485,1,,,0,20,,1479,1,,,0,62,,1473,1,,,0,18,,1506,1,,,0,20,,1499,1,,,0,62,,1498,1,,,0,30,,1480,1,,,0,70,,1478,1,,,0,30,,1486,1,,,0,70,,1492,1,,,0,100,,1476,1,,,0,100,,1484,1,,,0,100,,1477,1,0,5 6,0
8900,'4327',650,,1519,12,4,,0,100,,1527,12,4,,0,100,,1518,43,4,,0,100,,1516,43,4,,0,100,,1507,43,4,,0,100,,1509,43,4,,0,100,,1508,43,4,,0,70,,1528,43,4,,0,30,,1510,43,4,,0,70,,1526,43,4,,0,30,,1511,43,4,,0,70,,1524,43,4,,0,30,,1512,43,4,,0,70,,1525,43,4,,0,30,,1513,43,4,,0,70,,1529,43,4,,0,30,,1515,43,4,,0,100,,1517,43,4,,0,100,,1514,43,4,,0,100,,1521,43,4,,0,100,,1523,43,4,,0,100,,1520,43,4,,0
8900,'4332',650,,1546,12,4,,0,100,,1548,12,4,,0,70,,1557,43,4,,0,30,,1530,43,4,,0,70,,1556,43,4,,0,30,,1531,43,4,,0,70,,1555,43,4,,0,30,,1532,43,4,,0,70,,1552,43,4,,0,30,,1533,43,4,,0,70,,1551,43,4,,0,30,,1535,43,4,,0,70,,1547,43,4,,0,30,,1537,43,4,,0,70,,1549,43,4,,0,30,,1534,43,4,,0,70,,1550,43,4,,0,30,,1540,43,4,,0,70,,1553,43,4,,0,30,,1541,43,4,,0,70,,1554,43,4,,0,30,,1536,43,4,,0,70,,1558,43,4,,0,30,,1539,43,4,,0,70,,1559,43,4,,0,30,,1538,43,4,,0,100,,1542,43,4,,0,100,,1543,43,4,,0,100,,1544,43,4,,0
8900,'4480',620,,1593,12,4,,0,30,,1590,12,4,,0,70,,1592,21,4,,0,80,,1572,43,4,,0,20,,1589,43,4,,0,22,,1574,43,4,,0,59,,1579,43,4,,0,19,,1588,43,4,,0,22,,1575,43,4,,0,59,,1576,43,4,,0,19,,1563,43,4,,0,30,,1573,43,4,,0,70,,1583,43,4,,0,30,,1561,43,4,,0,70,,1562,43,4,,0,30,,1570,43,4,,0,70,,1586,43,4,,0,30,,1560,43,4,,0,70,,1565,43,4,,0,30,,1571,43,4,,0,70,,1585,43,4,,0,18,,1594,43,4,,0,19,,1564,43,4,,0,63,,1566,43,4,,0,18,,1595,43,4,,0,19,,1578,43,4,,0,63,,1584,43,4,,0,30,,1580,43,4,,0,70,,1569,43,4,,0,30,,1582,43,4,,0,70,,1577,43,4,,0,30,,1591,43,4,,0,70,,1568,43,4,,0,100,,1587,43,4,,0,100,,1567,43,4,,0
9100,'4327',828,,1606,29,4,,0,100,,1598,29,4,,0,100,,1596,29,4,,0,100,,1597,29,4,,0,100,,1599,29,4,,0,100,,1601,29,4,,0,100,,1603,29,4,,0,100,,1600,29,4,,0,100,,1602,29,4,,0,100,,1604,29,4,,0,100,,1605,29,4,,0
9100,'4332',828,,1611,29,4,,0,100,,1610,29,4,,0,100,,1617,29,4,,0,100,,1618,29,4,,0,100,,1607,29,4,,0,100,,1608,29,4,,0,100,,1612,29,4,,0,100,,1609,29,4,,0,100,,1614,29,4,,0,100,,1615,29,4,,0,100,,1616,29,4,,0,100,,1613,29,4,,0,100,,1619,29,4,,0
9100,'4480',728,,1620,29,4,,0,100,,1622,29,4,,0,100,,1623,29,4,,0,100,,1626,29,4,,0,100,,1621,29,4,,0,100,,1628,29,4,,0,100,,1625,29,4,,0,100,,1627,29,4,,0,100,,1630,29,4,,0,101,,1624,29,4,,0,100,,1631,29,4,,0,99,,1632,29,4,,0,100,,1629,29,4,,0,100,,1633,29,4,,0
9101,'4327',828,,1643,1,,,0,100,,1635,1,,,0,100,,1638,1,,,0,100,,1636,1,,,0,100,,1637,1,,,0,100,,1639,1,,,0,100,,1634,1,,,0,100,,1640,1,,,0,100,,1641,1,,,0,100,,1642,1,,,0,100,,1644,1,,,0
9101,'4332',828,,1645,1,,,0,100,,1646,1,,,0,100,,1648,1,,,0,100,,1650,1,,,0,100,,1647,1,,,0,100,,1651,1,,,0,100,,1649,1,,,0,100,,1653,1,,,0,100,,1654,1,,,0,100,,1655,1,,,0,100,,1652,1,,,0,100,,1656,1,,,0,100,,1657,1,,,0
9101,'4480',628,,1659,1,,,0,100,,1658,1,,,0,100,,1661,1,,,0,100,,1662,1,,,0,100,,1660,1,,,0,100,,1663,1,,,0,100,,1664,1,,,0,100,,1667,1,,,0,100,,1666,1,,,0,100,,1668,1,,,0,101,,1665,1,,,0,100,,1671,1,,,0,99,,1669,1,,,0,100,,1670,1,,,0,100,,1672,1,,,0
97019,'4480',824,,1681,34,,,0
